0.49584649290602933 -0.32611865061509726 0.3185166372207582 -0.9746369673893323 -0.4189949069742107 -0.8886104717666152 0.040117468785888066 0.9190937243753741 0.9380057916947251
0.8878205153545728 -0.6537896842157533 0.24581616220184688 -0.7709347266946276 -0.7846791534639788 0.25948170116257474 -0.9437266794503183 0.19625107851852208 -0.67474789995226
-0.6757189479351127 0.20695676704371624 -0.8054645972784764 -0.2849539578888711 -0.6628987391392767 0.4662534550901305 -0.5517908235292572 0.7249448118536155 -0.009120057298146245
1.094732878044226 -0.5488726462871341 -0.40509778629690163 -0.5594943153947549 0.5793701794053407 -0.7542902839968826 -0.623234508520462 -0.357381219971872 0.007952793976729433
-0.8074255292140586 -0.6165685559938583 -0.26900324931685193 0.4159987137481638 0.28213605859836255 0.9709353990365639 -0.3404797151678445 -0.6185973764074615 0.04144959626366673
0.6545118234283795 0.8779169920668493 -0.886894526993143 0.6540395723322217 0.8272412397927429 -0.0988163747742663 0.33653639032130966 0.03740283325606053 0.6799778091519209
0.29179098831907524 0.244867627909239 0.31232823626330486 0.3138298524060261 0.7944788304740764 -0.8979189641816037 -0.6498699287796428 -0.5084576535034704 0.14665059016898296
-0.6798271981265878 -0.1016564021234565 0.9917109614401989 0.4330816895366514 -0.8683487446789773 -0.8376140108627752 -0.8901669917688879 0.7618577116924758 0.3398106469218827
-0.5493601315372438 0.4927801492252417 -0.49083789757519636 0.05309196123345106 -0.3316468571845128 -0.801644631397832 0.4137363655269892 -0.20383028154347294 0.6442626542948791
0.6391750738414494 -0.6024618255206671 -0.0607676030874611 -0.36731981920018386 -0.09980495184042493 -0.8526730348938918 0.9982515562240108 0.8583855103503566 0.8117771627945172
-0.7873913806573107 0.032863439179542375 0.45550140634140335 -0.8847279515198028 0.6585750014779701 0.10481466111221205 -0.3999592693294838 0.07567119821331358 0.15837613325798516
-0.4412485465237317 0.18875029777239893 -0.024040963612892874 0.8172671335939721 -0.2515390245381748 -0.353167141877869 0.07037566388748329 -0.008126036257221969 0.7555002550925947
-0.5509202737152272 0.7788764666080148 -0.0989736623042563 0.6334769753884177 -0.49659783989050577 -0.8273442813663681 0.9203081713570527 0.7600747340985567 -0.32729945531877047
0.13067684322062556 0.11067967622754393 -0.009757465857923586 0.4004648433837188 0.9397320984409128 0.7522285675725728 -0.5222021684815319 0.6574523142789523 0.5656311429389644
0.4373101977915892 0.2690191732615952 -0.7587582244261286 0.3406975883673493 -0.3769597834845728 -0.929366424985911 0.837417381597813 0.3928288810245302 -0.548693784350907
-0.05748820484506017 -0.8094134139298412 -0.21604546944951397 -0.8848318591377704 -0.8034309611939581 0.2353918484964055 0.030805483626247243 -0.9162800915818057 0.8939515644328178
-0.17404119857635636 -0.5515153036206824 -0.9068117627511108 0.6329071761412695 0.5385251987305011 -0.4125914185564754 0.9702481477448468 0.9917046323884735 -0.5212680518408086
0.9267653319177942 0.07423619210622001 0.4162833741345704 -0.7575585161526444 0.9427163073711082 -0.5718520414661541 -0.2971002783805383 -0.8383861312406533 -0.3128573102743064

1